201 205 205 205 205 205 205 205 205 205 205 205 205 187 201 205 205 205 205 205 205 205 205 205 205 205 205 187
186 250 250 250 250 250 250 250 250 250 250 250 250 186 186 250 250 250 250 250 250 250 250 250 250 250 250 186
186 248 201 205 205 187 250 201 205 205 205 187 250 186 186 250 201 205 205 205 187 250 201 205 205 187 248 186
186 250 186 32 32 186 250 186 32 32 32 186 250 186 186 250 186 32 32 32 186 250 186 32 32 186 250 186
186 250 200 205 205 188 250 200 205 205 205 188 250 200 188 250 200 205 205 205 188 250 200 205 205 188 250 186
186 250 250 250 250 250 250 250 250 250 250 250 250 250 250 250 250 250 250 250 250 250 250 250 250 250 250 186
186 248 201 205 205 187 250 201 187 250 201 205 205 205 205 205 205 187 250 201 187 250 201 205 205 187 248 186
186 250 200 205 205 188 250 186 186 250 200 205 205 187 201 205 205 188 250 186 186 250 200 205 205 188 250 186
186 250 250 250 250 250 250 186 186 250 250 250 250 186 186 250 250 250 250 186 186 250 250 250 250 250 250 186
200 205 205 205 205 187 250 186 200 205 205 187 250 186 186 250 201 205 205 188 186 250 201 205 205 205 205 188
32 32 32 32 32 186 250 186 201 205 205 188 250 200 188 250 200 205 205 187 186 250 186 32 32 32 32 32
32 32 32 32 32 186 250 186 186 250 250 250 250 250 250 250 250 250 250 186 186 250 186 32 32 32 32 32
32 32 32 32 32 186 250 186 186 250 201 205 205 32 32 205 205 187 250 186 186 250 186 32 32 32 32 32 
205 205 205 205 205 188 250 200 188 250 186 32 32 32 32 32 32 186 250 200 188 250 200 205 205 205 205 205
250 250 250 250 250 250 250 250 250 250 186 32 32 32 32 32 32 186 250 250 250 250 250 250 250 250 250 250
205 205 205 205 205 187 250 201 187 250 186 32 32 32 32 32 32 186 250 201 187 250 201 205 205 205 205 205
32 32 32 32 32 186 250 186 186 250 200 205 205 205 205 205 205 188 250 186 186 250 186 32 32 32 32 32
32 32 32 32 32 186 250 186 186 250 250 250 250 250 250 250 250 250 250 186 186 250 186 32 32 32 32 32
32 32 32 32 32 186 250 186 186 250 201 205 205 205 205 205 205 187 250 186 186 250 186 32 32 32 32 32
201 205 205 205 205 188 250 200 188 250 200 205 205 187 201 205 205 188 250 200 188 250 200 205 205 205 205 187
186 250 250 250 250 250 250 250 250 250 250 250 250 186 186 250 250 250 250 250 250 250 250 250 250 250 250 186
186 248 201 205 205 187 250 201 205 205 205 187 250 186 186 250 201 205 205 205 187 250 201 205 205 187 248 186
186 250 200 205 187 186 250 200 205 205 205 188 250 200 188 250 200 205 205 205 188 250 186 201 205 188 250 186
186 250 250 250 186 186 250 250 250 250 250 250 250 250 250 250 250 250 250 250 250 250 186 186 250 250 250 186
200 205 187 250 186 186 250 201 187 250 201 205 205 205 205 205 205 187 250 201 187 250 186 186 250 201 205 188
201 205 188 250 200 188 250 186 186 250 200 205 205 187 201 205 205 188 250 186 186 250 200 188 250 200 205 187
186 250 250 250 250 250 250 186 186 250 250 250 250 186 186 250 250 250 250 186 186 250 250 250 250 250 250 186
186 250 201 205 205 205 205 188 200 205 205 187 250 186 186 250 201 205 205 188 200 205 205 205 205 187 250 186
186 248 200 205 205 205 205 205 205 205 205 188 250 200 188 250 200 205 205 205 205 205 205 205 205 188 248 186
186 250 250 250 250 250 250 250 250 250 250 250 250 250 250 250 250 250 250 250 250 250 250 250 250 250 250 186
200 205 205 205 205 205 205 205 205 205 205 205 205 205 205 205 205 205 205 205 205 205 205 205 205 205 205 188